-0.8833241776653629
0.5565442991765684
2.7365472472724885
0.3590173053765793
0.31792570703679207
-1.2345385398803321
-2.626721615872712
2.606792627246956
1.440795936679541
-1.6528850435080875
2.086269615830322
1.3816932710202594
0.4143299075792993
-0.6918031931279564
-0.637849115388987
-0.11407228066326519
0.396900517756233
-5.282262354896529
-0.5672215689341921
0.6481849708264764
-2.4863463314485923
2.371194812426782
2.677186658601771
2.976819296661512
-0.04076604089186998
1.3858825121514418
2.014677583765337
0.23957181778328818
-0.09685132323428447
-2.182480642064185
-0.33846546854889015
0.34069408964796755
-1.8673105095178109
-1.945177032622
-0.25472575313353785
-1.878691218330719
3.266382315319804
-0.6031477035144945
-0.3779765560000321
-1.3369277545248324
0.5731617037147818
0.05791005681343864
-1.453354725354854
-2.5848107900677824
0.45369276046329804
-0.025332943723226142
-1.7108196402318647
2.4126564836714635
0.8463829670292675
0.5564550923752307
3.452389444649178
-2.736259127670508
3.438847710068535
-1.186721245375794
1.8540086047583944
-1.0858334891864272
0.286719013714525
-2.0614799315398433
3.39508217165095
1.154520111771182
-1.0116535526872905
-0.5332103919794173
-1.9108869508786022
1.232717289266579
0.7707265102160652
2.2564612235298327
1.2549162019401925
1.2121322185040126
-2.124093009835078
3.1911143901265637
1.0882364644834086
-1.5837644678569134
-0.0032674737648903662
-2.7623622813163955
1.1863498304674982
-0.7185228883768233
1.3417585008316482
2.323145844140657
-2.0062265121236726
-1.0609799754629339
0.6724719614446955
1.1562181782282575
-3.046610276643257
0.08804252323161599
2.5904279893005597
0.2974213396072894
-4.298032894972725
0.7014664642230377
-1.2214504707250229
-3.3266108757459643
2.0796087534293233
2.0353417934239535
-1.0644085418647817
0.2964339317069139
-1.1348268073012764
-2.72940336672632
1.5300053117632921
3.1165222009341287
-0.8215744491836707
-0.22999609325967624
1.4239726168448217
2.285499840849593
-4.675759388146081
-0.6126599623562983
-0.20232169778511078
-2.5640653579681363
3.3083880193477415
0.3279573544835275
0.4709100430876947
0.07080311818014073
0.23139637352775622
-0.009324098162211913
1.448788495394783
2.182048920385586
2.238161749666975
2.030036815985558
0.6982228526865984
4.043007598611615
0.25226273226539986
-0.5879483615679015
-1.1124487057996544
0.2111878908679804
-2.3273915952026853
2.9386077776492727
1.0180220750960944
1.0769921850225663
-0.5850485022673559
-0.11830290701384272
0.6097762074147973
-0.6509424482682241
0.10258181698151025
-2.1309610421019527
-2.105124851317455
2.397202173294412
0.45579750345427406
-1.9117466809981847
-1.160285221557849
1.0465818326966403
0.30796711764847007
0.3221046750237945
1.2676936772593965
-2.497954906565304
-2.3092674506371575
1.1081972340617865
1.0790022437320497
-0.9686312740040709
-0.29547229542279246
-1.017820741375802
0.6072835154332192
1.7318913147744954
-0.5530582457479412
-0.19645455607072787
-1.4599008747817344
0.8400720457760292
-3.2697222315293546
3.009438787402667
-1.1520759476560467
1.3870349757017801
-0.03669215818665528
3.590656964241951
0.30055576889954694
-1.0182220053156514
-2.52126989611075
1.2305914611476794
-1.4123684015605256
0.577543658222146
-1.550582580686421
-1.7705069765260444
1.6511255001421774
-3.533186815678403
-0.3081763592720522
0.6762345662397724
0.1237482033089039
-1.1068767097047236
0.4108663422789982
1.300396662527802
-3.9665144564491914
0.37512780794737366
0.2490410653261561
1.2237966595122458
0.39263629590840815
2.252668741660261
-0.5262195031540261
2.2483168270085545
-2.764134885851319
-3.278726275875992
1.1383443798379436
2.241520249139378
1.9814143214654913
0.8341524701219797
2.6895087646091462
-1.066053186652767
-2.5702233108751034
-0.08994827307816593
-0.019191505010506815
-5.24719180813822
-0.26890837704254733
0.9105445089779565
2.2604291587114025
-0.3821140385607042
0.37664692070427763
1.5958124025661327
-2.2451368360228514
0.42500888009942184
-0.19138835374309587
1.019093994473999
-2.111481328675846
-0.10945772739438873
0.1948762350476103
-0.6538960771674929
1.0107918679204557
1.0938957732877965
-0.404767808620642
2.01902985252495
2.1998768289032773
-0.29314513491966304
0.5994282830790576
3.8237388716601535
-0.2875205313393021
3.755444410775615
-0.46519732898272315
-1.497375377192443
-1.8596880019439492
0.9283863275831675
-1.1046867173482064
1.862665173718017
0.2511529230775684
1.5050675072613942
0.07266721228432105
0.21828487813309466
1.0616613168758064
0.34013657367496597
0.8445931801131981
-0.22893403089917364
1.8427818507935592
2.5992084392105763
-0.11940621674033149
0.6879840925104957
1.7079271178779278
0.7812769561306099
-0.6949752191941043
-0.1197231540811523
1.6116370138316607
-2.123517902827288
-0.5624041513957614
-2.9565268430588736
0.7604670913416001
-0.11285457578127878
-1.3739519304393402
1.5555897488270447
-0.016522963933068457
-0.08697629830837161
-0.6433953097064291
-0.7022885096182104
1.7653229583317935
2.3372267475362176
2.500325704897288
0.30854675652129937
-0.1581629879633568
-0.861081440645586
1.626342635384294
-0.26224388434230106
1.2072960468827052
3.16202405609467
-0.056982781071390654
-0.3126498015521335
-1.2931983384782675
-0.6909636088458886
1.021207738180341
-3.128113973018838
1.6169973726927385
-0.2675955880543025
1.4424354257897845
0.6470684305278219
0.23159730845823176
-1.0069834734378893
-1.3743225320016732
3.1148764840123984
0.20224357314754893
-0.30739146407813644
2.046878305836049
-1.0201224585772688
-1.55884506588886
-2.147242124161294
-0.266873990539668
2.4149255880811964
0.01439018217606744
-2.457149874582012
-2.634933796473653
-1.4038824552534068
0.9469285084976287
-3.006158435313943
0.2438070286100581
-0.7822113744818422
-1.1247610149831844
0.13619433695042368
-0.9129442020357911
0.10823928059061821
1.281158349053781
-0.03134869158062331
0.08314557411673154
1.3476002489583339
0.32709925770910797
2.314359304054059
-0.3262939285791996
0.4789483363200232
-0.6772481950188385
0.8941682504719791
2.1561034941562935
1.0330404359099887
0.5871801256595776
-3.2370770420531527
0.8569380829644004
-1.1285551503966214
-0.2047723690062695
0.8565107849917011
-0.16616291627164143
-0.7477010341226382
-1.280763754174322
1.8660852537163355
1.4545213914617312
-1.0183034067034467
2.075362433064895
1.387890357813829
-1.7904087614894353
0.38445290805763
1.2971538097106268
-1.118768613605902
3.4217372864311915
-0.5262248038822627
-0.3706538971979896
1.8074852298895228
-2.951399505178058
-2.152792874500687
-0.17294230830019447
1.1172513553488888
1.3292599297556142
1.1392647368044342
0.4136717729428723
0.4363100758684103
4.186561406352054
1.80303670215492
-2.449331168782734
4.62283278140759
0.5055451781047431
-0.8701160719678867
-0.7636403705593142
-2.5969644687873172
1.007886272324831
-0.6517013714922594
-0.6739169660052255
0.5925456675376186
-2.4386143279746837
-0.6569372704369539
-1.1122942095900747
0.5176008102330688
1.0633221156098298
-0.8302649287670121
2.833199944406774
-0.8715580193102348
0.07310317394348015
0.28946739167846924
-4.105831418273193
-2.034994667931062
0.7823310579088751
-2.836020319457243
-2.432416012780893
1.1646317369240045
1.794792813378237
1.4755096032441015
-1.675271878940262
2.097556308244876
0.9335092750032195
1.6296964330318333
3.218189642227383
-1.4009692384858554
2.0368526317092277
1.915463521108395
0.6356607467039276
-0.9907002697521934
-0.9418835438118901
-0.145771868343052
0.9954691968678453
-0.37976684875459454
0.4437716198362584
2.1167495592640835
1.2185729806982148
0.3634390685853306
-0.12698551560808635
2.282536718503903
-3.484623492718757
0.8449869996933884
2.038329031200003
3.1688521162981136
1.7139771355226199
-0.3657120957629991
-0.46834893156007934
-0.6107924735344124
1.360158043859346
-4.928798343814767
1.864951894996179
0.9874600595482519
0.14545477717991845
-4.454239486931455
-1.8408870419198304
-0.015559642270211515
-4.548295208205924
1.4288795249484514
-0.12871718242549157
3.52871393342175
3.7273980967769536
0.7838362657969222
1.2193825624808456
2.4437735306237283
0.28213638144083963
-0.2532155230584707
-0.7803176496879778
2.1044398150757626
1.146997674371054
-2.986520330953587
-0.1257026355044828
0.3495369097863046
1.112051967995222
0.9880551231165597
-1.5826678664821745
-1.4808309276809255
5.241479679148496
0.03817225251504297
-1.5081058161616465
2.6571742553228064
-2.226780335111392
0.20863746239893083
4.081537744915343
-1.4961838226641935
1.7771521575976261
1.6469822771399805
-3.932642851500008
-0.8152980187484506
-2.8161361053983125
-0.9714983867451161
0.01887350606292873
-0.0251553500283479
-1.0987029535714572
-0.7006946838701333
0.06232339808109888
0.062396227777705704
1.1023269277317906
0.358261082945505
0.6831425085214102
-0.6061151770791822
0.7316629880519843
-3.016374311527736
-0.3097623037252845
1.8178571979449751
-0.44410140514418095
-0.04567497142558691
-0.183188860793434
0.9988991289596331
0.7100736228868931
-2.383672513412649
1.8523784244504669
-0.2681070846982446
-0.0566389235090734
2.492843547700037
0.539811092494657
0.5314407597131635
1.0180395035220653
-2.1639832735179736
0.613236672654773
-1.3702852537467516
-3.5100867192278464
-0.8029346673640503
-0.1616326765847702
0.5542851747036994
-1.5029048699883902
-1.2838549213277408
-2.729857759502184
-3.234972935103861
3.613043703273702
-1.741473560103313
-1.906096304803643
1.477085980773987
0.6362963248458268
-1.1234666470546246
-2.3809964561701857
-0.9698059196766862
-2.257413890649423
-2.4394683192669095
-0.5648537766542583
1.3790008792697594
-2.5319977880442672
3.590473145817748
3.205804983757737
1.6939710809450736
-2.316711927042485
2.1962888393783877
0.07063425347487728
-2.87601027726873
0.7331016018419472
-1.0781096674460295
1.2347299302478671
-4.724313349623605
-3.348102973429222
0.20723087425582853
-3.2249472440302958
-1.613244044363888
-0.944723688637517
4.110657346449379
2.246176237259937
-4.806413831361429
-1.061477307457417
-1.7104577409501618
-1.8607934834160686
-2.4118514318585946
-0.12809430361415755
0.2891323604565204
0.14118396760694152
-1.7983735243640604
-0.5559870853842072
-1.944484241770517
-0.9942483012198742
-0.17607836906431157
1.8135181492273165
-2.918268951875482
-2.204889170084593
-0.9460948412575049
3.174159598996241
-0.2862540414886047
-3.212692946297384
-0.238166110592321
2.387158249651309
-2.7921898951361683
0.6989218576261153
-2.713272024031001
-0.4059903880713356
-0.1789267076871744
1.4451581731268406
-0.5756519931367625
1.905506544437284
-0.6256460697288371
2.274036308818642
0.69491612959191
1.03727062427414
1.7820270674008334
0.8261890418379667
-0.2510507284021637
-1.4041240022160393
1.202614746995016
-2.103272501097451
-1.7010100935446908
-0.5301136745863578
1.0586624562558011
-1.36981169179521
-2.277145092642058
-1.867143997572485
-1.1625791110038368
-1.7563908213511616
1.893762142079148
2.2461887665379985
-0.5852394280905644
-0.45671819806467895
1.0785033711076069
0.5934004859019528
-1.6225140811789678
3.96035085270172
1.5061476723357827
-1.2065468592839241
-1.0145757871439571
1.0535954644524446
0.1963332487342645
1.7408786629944621
0.4932659853154755
1.9472526548816305
-0.7382796406913927
3.076959214413315
0.8339722465129491
-2.3068057632065324
0.8012266613969272
-0.30298204000415935
-0.09545790002210515
-1.4437634086553421
0.35821649226610586
0.5323903457942363
-2.362761843336128
-2.107675952185406
-0.4981342287157672
-1.5641541816051534
0.303326836178039
3.015901812040112
-0.22661703186511342
0.05998286843021938
-2.5882198272933707
-2.623008166013146
2.541687548440687
-1.1528498216061829
0.6959940426154669
-4.795112413078274
4.754456206288577
0.20345629383925307
0.9507358342933573
-3.060980390699233
-0.6915394820161642
0.5790220529588669
1.418631815476236
-2.3426006121940537
1.5518525930996534
0.9282833295484921
0.32259950372844814
5.0276911437551215
0.7683570850144783
-0.5456214669402744
0.5023426547943597
-2.7109121993751324
1.3995094328645326
-1.4943519864673627
0.8011270814274944
1.0809094060895645
2.234478871477905
-1.0437597616676604
2.3745801632931682
-0.6441237189049027
1.5534099123527085
-3.6351416414436306
-6.664273453066935
-2.645144972844907
-4.777628052810593
-4.320390732170472
-2.878787888683348
0.17205322480598262
-0.9240153499951733
-1.505799653926625
-2.0338495107547825
-1.209181343514769
-0.5580926754743385
-0.21842415527289494
-0.05923589477037927
-1.1149154380627238
-1.4385813104040048
-0.46166053898863385
2.785411174654638
2.0985075596369116
4.897129331235737
-4.359518286313267
0.7606373280558684
-0.48003559183525896
1.4621631313968542
-3.1247610495666587
1.5197501594155147
3.942358350733355
-0.9334968092565674
0.1555025415855084
-1.190828093186789
3.7736645921485903
-0.3909237637232431
-0.6651562814322403
-1.44912002751675
2.006605767317059
-0.5275912551974886
3.826154474064202
-2.2897261042883557
-0.3292378906362958
-0.7767683488508985
-1.7055984797210528
-2.49978695812747
1.9783618017702445
-0.9494468722381952
2.97424629183883
1.9487133945281399
-3.2975901054360275
-1.3995291801175425
0.15106379416578586
-0.0792371069596951
2.363919729043561
-3.55608545694106
1.3965369182714824
-1.8933390713931268
0.20149837376195823
3.9947952121952737
2.405808715284951
-2.810397082622215
-3.0237901258360154
-0.06186755774048434
0.271817107580226
2.683826725539812
-3.364636195257731E-4
-2.023943802327583
0.12227181264204376
0.20639722003713132
0.9444274365523323
-1.2400731930220488
-0.023360703356641366
4.6001897671964755
-1.175874509002602
3.1810722289526376
-0.7964477130372563
1.9813339363138822
-1.743964045240019
-1.2600202559338802
1.4300449306913068
0.6476910618135848
0.055175061048376786
0.1513814018555688
-4.194348160183757
0.29203581008044094
0.031537579537091576
-1.2217631851505324
-2.0841809618143565
0.7846349990172962
3.642534420915748
-2.3161698239035964
-4.224212127549733
-1.335042100581751
-1.7562669119744692
-1.203454890163271
1.634236411943085
1.527721138888262
0.3230634732657278
1.028901768095691
-0.966537239342303
-2.5112448697028666
-1.0703868676995116
-0.8030918738804705
-2.6709175926751283
-0.9543317241651919
2.1833138825094
-1.4503148699296902
-0.8244615630769063
1.4381898951948267
3.362680688185781
1.7604923404736421
1.9230055965883501
-0.07880960108505274
-0.7351515156658794
-0.5873657681795349
-1.5954674449523605
-1.1846333976008798
1.3777408906456152
-1.661238213513757
-2.6263303894356986
0.017435297586242154
1.3808318440752239
-1.5185886540773699
1.4995003463674563
-2.4188767215271207
0.7096734083868514
2.3378977580713043
2.613975406696718
1.841384850782233
-0.5200059799784619
1.4048492761514417
0.3637616515060106
-0.7538291147533108
-1.987389656943658
2.002209050643411
-0.3405560041821677
0.07339416614550247
-2.2399237390486912
2.60413045770683
-2.813029488248114
1.218010601513062
-2.3485168608490246
0.32599887821949836
1.7861750682629307
-1.101569226421205
-2.3885072006373016
-1.6053215335157744
0.2969142972217953
-1.2087854663086899
-0.058895490163486726
0.6390450989590079
-0.7985184707981212
0.693589882354564
3.36088823171832
0.3152388198657181
-0.6964176495297412
0.4435754358424474
1.038139130272525
0.4346656342470178
-2.1218994117721484
2.412800937936478
0.7411394948141973
1.4946741877542364
-0.49976266423469967
0.3629575337330685
0.385421021517299
-0.2849737406771924
0.2170229197682569
-0.16905594477084795
-0.46985266328291175
-3.0537917647602777
0.5114204350262754
0.1971498109438603
0.42077233515941403
-0.5769788675775114
-0.28387783142053247
-1.0078733291411237
-3.5962133666537115
1.242872673691962
4.043346834472404
0.9640137937681531
-0.2571596449809066
2.3221648313013743
-0.1412285038962147
-1.4051488275960475
-0.22256426072108487
-0.8159142337036486
0.5864171682205056
0.986749222362693
-1.3912026714575512
-2.0024100300974914
-0.6255064282979234
-0.6162408146931976
0.4970004290319133
-2.1482923550397683
0.031231080562229785
1.3694887680385017
-0.43100552859830854
-0.8324968966096926
1.0859152275287847
0.480125751047473
-1.8948104508182884
-3.4088949721519484
0.9815608406911149
2.0395008491320956
-1.4955406052880884
0.31728921156731776
0.32944412189239536
-1.2970294815696497
-3.1419527606448208
-0.6529732388230712
-1.659571150500733
-1.802961062047107
0.6776548162720726
-2.093376575629528
-2.5929718521125924
1.4314887520941855
-3.545264431354649
-0.48425672630116545
-2.497095188807062
-0.026282470910574007
0.5037457916039627
0.43692399430769063
-0.25754826822063703
1.5406906269790412
-0.4566229926742963
-0.044159273133828725
-1.2025722239630456
2.5380767544299627
-0.7878537096424549
-2.1504556332841416
0.4523149013146966
-0.5309641144274654
-0.46132235376943875
-3.039447679872433
1.5647715863481297
-0.6034985342296668
1.4454128295526836
-1.645125832941226
0.8582150459826681
4.149565939566764
-1.217720008093976
-1.3686932932136315
1.8248588535703256
-0.7172400140339006
-0.311316702261253
0.27119378988505544
1.9669921068225753
-1.0212925454405566
0.4554074879223198
1.0579532069325748
-0.19451139070506585
-1.124673775094006
-3.340263861070583
-0.2318471537801882
1.947508013877621
-0.7118996475223826
-1.6867602981963326
-0.6544455063127541
-3.7175701778660866
-0.2550797441267708
-0.3523332255453964
-0.2045861710293415
-2.791038767252795
-0.23136269514373353
4.752681658630742E-4
1.3774953662604326
0.4770755546814876
-0.7861431337678859
1.7607967706257925
-2.4121643188323705
-0.17369310261476256
4.3653894613367
2.675372364627121
-0.6573398945640083
1.6676130468656516
-1.4998059521134985
-1.1212890725437201
2.880994454701222
1.185437890657003
-0.4516114979380615
-4.818373866899436
0.829672211300836
-4.414001106176769
0.6634529450421086
-0.16415329517170707
-0.42376387045372244
-4.4894995426742135
1.9503911922904091
1.0330945355469152
0.1999494855908021
-0.8518367493531293
-0.20449160382182563
-1.4429894733196236
-0.7381286794768289
-1.1062925187443575
3.630584750343786
-1.9903138250050536
-3.174095593896343
-0.6310203983402195
-0.025042582787204892
1.339809025130853
-0.952202253335849
2.80403980489257
0.8439104179367726
-0.41505404680987845
0.34016070338147053
-1.8446045257986223
4.1953040474537655
-2.035486951436675
-0.281316365303054
-2.118338528001832
1.1889604765732957
0.2957187595038788
-1.8053475762806954
0.6169219677207998
-0.3862787539026553
-1.5111387198357562
1.656730359352741
0.5422045661900892
-0.21481344974183328
-0.3098232003943411
-0.11925732494470287
-2.520586252267182
-2.466857207159587
0.007115326917668141
3.2012526276856352
0.059268779456636556
-0.44100789329585044
0.8827026518419014
2.204045959231726
0.2149126413754383
1.3781817609310623
2.2474431957292538
0.14914594577113272
-0.06939615503901397
-1.5225834127033158
2.423994057905337
5.7384865294105065
2.759570065163076
-1.1189035035093262
-2.4360816096059583
0.8481245389442728
-0.17334647039339468
0.19740532226141627
-0.17729600090211606
0.059829869127534296
-0.9081380707702492
-0.667851295272653
4.014731131984176
3.0810456396626815
2.098980386502692
0.12109227694586316
-4.000152401363611
-3.2802392760152284
-0.8473520751808538
-2.3227835653747393
0.3785216875178891
2.5685859610952044
-4.083055387096444
1.7068247915887196
-0.6928664412719414
0.2645680036542184
1.8325437164341976
-2.132005442280705
2.3527699011582928
-4.105473836604408
-1.4152115535934353
1.5615265295140586
0.5793423875063007
4.401743705329251
0.5438048841039079
-1.824890784822281
-1.5877814835922976
-1.0809282019605366
4.819888154850893
0.7240384187984018
-1.275185094747812
-2.1624961724506226
-3.0198958443850117
1.0516904577521662
