31
35
35
8
7
23
71
11
13
29
14
9
9
9
19
10
14
44
23
8
17
9
15
15
5
7
18
13
10
71
7
7
25
39
17
10
13
29
15
15
5
5
14
20
16
4
9
15
22
24
24
59
59
11
11
10
26
20
14
45
10
12
97
97
20
10
8
9
19
14
9
12
4
21
14
7
12
15
66
18
7
9
9
9
9
6
19
22
10
51
42
42
10
7
16
35
39
43
43
7
8
8
8
8
25
15
13
13
6
5
6
6
12
12
10
10
10
10
10
5
9
6
11
11
11
11
8
12
37
11
17
26
37
37
10
29
11
21
21
8
7
39
36
50
12
30
6
34
36
9
11
11
10
10
23
15
12
11
10
13
13
64
12
13
21
7
12
12
7
7
12
6
5
7
9
9
65
8
8
4
48
35
23
27
41
52
8
11
8
8
8
10
15
5
8
12
7
5
5
7
10
12
17
16
5
8
56
17
8
26
24
20
25
22
22
12
15
15
15
13
7
18
15
25
10
8
8
11
13
13
11
8
9
8
10
12
9
9
9
9
15
26
33
34
10
59
43
6
6
6
4
6
9
38
15
18
18
18
33
9
20
5
14
22
5
31
13
25
31
90
93
20
14
14
14
28
21
16
16
8
7
17
23
11
15
17
7
34
16
16
13
29
7
32
8
9
10
10
10
5
3
8
8
8
6
9
13
16
16
18
18
18
12
14
10
8
9
16
34
50
50
12
8
8
8
11
14
12
13
11
9
9
67
22
6
11
10
9
9
9
9
9
29
24
24
19
30
14
14
10
7
51
21
11
43
36
36
26
25
11
6
9
97
72
11
21
87
77
77
77
25
21
21
21
21
14
19
14
14
45
24
7
10
11
15
15
15
10
15
14
37
44
44
44
44
6
12
13
8
71
82
82
82
34
14
6
11
8
6
5
5
5
15
14
14
10
60
85
39
33
7
7
47
44
31
10
11
5
22
14
14
14
14
20
16
11
98
9
15
14
5
5
15
61
5
7
14
12
14
14
14
29
18
28
41
5
7
9
9
9
78
17
4
6
10
10
11
32
25
12
26
55
6
8
11
16
27
20
20
20
15
14
14
17
21
28
19
99
6
11
51
49
45
11
18
21
5
18
25
24
13
12
37
14
51
13
14
17
17
56
28
16
95
33
10
14
14
9
8
16
50
7
12
34
42
49
43
13
16
7
11
55
57
57
13
11
11
10
8
11
20
20
20
11
11
6
13
9
23
28
15
18
13
54
35
35
31
16
24
8
11
11
11
11
17
17
16
10
10
10
8
5
8
11
7
9
38
13
20
8
16
8
11
59
32
13
24
5
22
22
5
5
5
5
57
41
41
41
6
8
19
11
9
9
24
17
17
12
11
8
10
9
10
17
13
11
11
11
18
14
14
45
38
23
23
23
23
37
25
15
24
35
23
36
6
6
13
5
7
10
10
10
90
16
6
9
9
9
11
9
7
19
22
12
41
10
26
35
26
26
15
7
56
27
41
9
12
12
53
25
6
7
9
53
12
11
9
10
21
22
34
21
16
29
4
70
8
7
8
10
5
5
13
19
11
8
15
27
29
9
5
6
6
6
5
15
45
35
35
35
41
62
73
19
13
13
11
11
84
79
44
50
37
9
6
23
80
13
16
16
16
12
10
11
20
17
20
17
83
6
11
12
8
24
16
16
16
22
9
8
6
28
17
44
7
8
34
24
24
24
19
14
24
9
13
51
5
25
8
13
7
9
9
22
13
13
12
13
16
30
11
14
39
6
12
10
7
5
6
6
6
6
8
8
6
13
57
40
40
13
10
19
11
14
11
16
14
7
25
89
14
12
11
79
5
7
8
18
8
11
52
38
14
6
17
9
13
12
91
33
14
9
9
43
95
95
17
10
34
5
10
9
8
8
11
6
38
31
56
56
56
9
8
57
18
7
5
5
5
5
8
12
12
22
11
10
8
12
12
12
11
24
31
7
10
19
18
17
32
7
7
6
24
6
4
4
10
9
10
14
7
7
7
8
9
18
8
14
14
36
23
23
66
62
7
7
46
45
45
7
9
5
38
7
8
99
17
22
19
5
6
20
24
24
10
7
17
26
38
5
36
47
11
84
11
11
9
11
11
8
10
7
75
16
3
6
5
15
24
34
21
9
15
6
7
22
26
26
26
21
35
47
6
5
20
6
20
14
12
12
12
8
8
55
55
13
9
9
50
43
15
8
8
16
6
6
48
77
9
12
12
39
19
20
94
94
39
32
57
16
