35
35
35
7
7
15
75
13
13
35
9
9
9
9
17
14
14
38
15
8
11
15
15
15
7
7
13
13
12
42
12
6
39
39
23
13
13
20
15
66
8
6
26
16
16
5
15
15
24
24
24
59
59
11
11
26
26
14
14
36
10
11
97
97
10
10
9
9
14
14
8
9
6
14
14
12
12
12
86
8
9
9
9
9
9
9
22
22
8
42
42
42
8
17
27
27
43
43
94
8
8
8
8
8
25
13
13
13
9
6
6
6
8
10
10
10
10
10
10
8
10
11
11
11
11
11
15
13
52
17
17
37
37
37
11
40
21
21
21
7
7
24
50
50
15
24
10
36
36
10
6
10
10
7
15
15
11
11
13
13
13
11
20
10
32
5
16
7
7
52
24
8
7
9
9
9
53
9
4
4
35
35
27
27
52
79
9
8
8
8
8
15
15
10
12
12
5
5
5
10
10
14
16
16
8
8
57
22
8
24
24
19
22
22
22
15
15
15
13
13
9
13
25
25
8
8
8
13
13
13
9
10
11
15
12
12
9
9
9
9
14
33
33
38
10
43
43
6
6
6
6
7
6
52
18
18
18
18
43
8
29
8
22
22
6
51
16
19
57
93
93
16
14
14
14
21
16
16
16
7
7
23
25
14
17
17
8
40
20
13
13
17
9
27
9
9
10
10
10
6
8
8
8
8
10
6
16
16
16
18
18
18
10
14
8
8
8
18
50
50
50
8
8
8
11
11
9
13
13
9
9
9
56
30
9
21
9
9
9
9
9
9
24
24
24
14
57
14
14
9
9
55
16
10
36
36
36
25
25
7
6
9
72
93
12
13
77
77
77
77
21
21
21
21
21
16
14
14
14
39
21
5
10
15
15
15
15
10
14
14
44
44
44
44
44
9
13
14
12
82
82
82
82
28
7
11
11
10
5
5
5
5
14
14
14
12
85
85
35
41
8
5
44
44
37
11
11
6
14
14
14
14
14
13
15
12
75
6
10
12
6
6
8
4
7
5
13
14
14
14
14
49
28
28
35
6
9
9
9
78
78
16
6
6
10
10
12
25
25
16
21
37
8
14
9
21
20
20
20
20
14
14
14
21
20
29
22
99
11
11
49
49
22
18
21
21
6
25
25
20
12
12
14
14
31
17
17
17
17
45
31
19
95
40
14
14
14
16
10
20
79
12
12
41
55
43
43
16
16
11
11
57
57
53
13
11
11
8
8
20
20
20
20
7
10
8
9
9
28
28
18
18
16
24
39
40
16
16
14
11
11
11
11
17
17
17
20
10
10
11
11
8
8
7
7
10
27
11
16
6
14
11
11
47
42
13
19
6
15
19
5
5
5
5
41
41
41
41
8
8
24
9
9
9
17
17
17
11
11
11
9
9
17
17
11
11
11
11
14
14
11
20
23
23
23
23
23
25
25
7
18
24
26
33
6
6
16
10
10
10
10
10
61
14
9
9
75
11
11
11
10
22
22
14
45
26
26
26
26
26
13
10
54
41
41
12
12
12
51
20
8
9
9
12
12
26
10
10
22
22
37
36
29
29
5
70
6
8
9
8
5
5
19
19
13
10
20
25
35
9
6
6
98
9
5
9
35
35
35
35
26
73
71
13
13
13
11
11
63
54
43
64
44
6
6
17
99
16
16
16
16
12
10
11
13
20
20
13
83
6
13
8
8
16
16
16
16
16
8
8
8
24
16
10
7
10
24
24
24
24
14
14
22
10
15
28
7
20
10
14
9
9
9
17
10
8
13
13
30
30
14
14
39
8
6
7
8
6
6
6
6
6
12
10
8
18
40
40
40
6
19
19
10
12
11
14
14
14
17
89
20
11
6
54
7
7
5
20
11
11
28
50
6
6
20
13
13
23
41
53
9
9
9
32
95
95
13
12
22
6
9
8
8
8
8
7
30
34
56
56
56
8
18
39
23
5
5
5
5
5
10
21
10
27
11
8
8
11
12
12
19
31
31
10
10
27
18
15
21
8
11
8
29
7
4
4
7
10
10
11
7
7
7
9
9
19
14
14
14
23
23
23
62
62
5
8
45
45
45
8
10
7
54
8
99
99
9
17
12
6
6
24
24
24
7
7
26
26
15
10
47
47
10
84
13
13
11
11
11
6
13
9
58
10
6
6
5
24
24
21
21
15
15
7
11
26
26
26
26
29
47
47
6
7
22
5
14
12
12
12
8
8
8
61
20
9
9
9
43
43
8
8
8
6
6
6
77
77
12
12
12
24
20
94
94
94
25
28
73
14
