0.3432152844082621
-0.21879860628185366
-0.8438050230036223
-1.9287326935905478
-0.6973677689827027
0.7450023858376813
-0.2580991269418087
-3.6507544539404617
2.090324331324661
0.492896214623602
-3.347396670243527
-0.8402017920055145
0.49120493838621737
0.05041048733578579
0.579948563024796
-0.4031148710565704
-0.22749464389296303
0.6694677414132086
0.506470995342744
-2.338936567848476
-1.6190633108085977
3.461936609472851
-1.4168199772754284
2.580455900263865
-0.9687659201449819
0.41134953863431
-3.001315840166077
-0.8689170701993905
-0.4310663913337467
0.30786181661276224
1.0821827999719718
2.734760938038771
-0.5192798203352726
0.10121096610051472
0.3265749822631845
-1.8132716587649957
-2.3573611697044075
-0.39832861017152243
-0.5612848181163166
-0.15499161890776225
-3.2498479134740625
1.9747241283917618
0.7683955627606882
1.1845734203073395
-0.8032313386999346
2.037399348027525
1.683437338654453
-0.7454795518447708
-1.8741807865998599
-0.8263892011562834
-2.5097125743411612
0.2088906328587452
-2.658330013116189
-1.572318727398982
2.4077813100138616
0.7574806929610554
-0.4285023825086065
-1.0888258501801116
2.737860990211224
-2.1561364262459732
1.6897484857135021
-0.9896460348253151
-0.1547904627919383
1.7966967213148255
-1.864928286960291
-1.2571051648803517
3.0198698223741887
1.3149172924348158
1.1485542579402934
-2.287862431009584
-2.9277199568316123
1.9424987422401534
-0.8143482741477182
1.286482606317887
-0.49719527469418967
-1.4684876138555798
2.3124164845335717
-3.2988191979061123
-0.21581980929095979
-1.0892431148246255
-2.4288879828830217
-2.077010731730805
-0.04561233141853682
-0.05263826536488869
2.3957597031440834
-1.7715954222042178
-1.2774570826527274
0.3372883979981709
-2.0121897473422647
0.4685677003581761
2.5983995792200156
1.1205515477494203
1.9896397537798118
-1.2374301596360544
0.633086007462051
-0.6472593667742963
-2.4817205559782822
-2.2459729366089967
-0.10706818725762535
-1.4256064724243886
0.7297634562336
-0.7893600064782293
0.19888321719411772
0.054558077821663886
0.22572355349952833
1.6457143825260583
2.094464672648691
-0.06335825759295677
2.417944792951971
-1.7561746775284983
0.31856428544390836
0.4547849617196662
-2.926803042007293
-3.438737509229663
2.9032735847901225
0.5615461103946497
0.028396669939211527
-2.206588162295018
-0.1059280386292305
2.84579612331765
1.8458275965470583
1.2743731187608645
0.061484637490567984
1.9055136609669692
1.2820425150677686
-1.2748486070220277
-0.95711784820727
-0.4037207913766605
-1.565700296314588
0.8116888861474809
0.5683925173635673
-0.5648005645540595
0.05298938215335669
-2.208033347377816
-1.6125565093144134
0.48913482387675034
-0.9111212279940251
1.276300437460073
0.38773472427866507
-2.0155097749439763
-1.3348182904087387
0.6047563874087838
0.4223474740162758
1.156775082701142
-2.253242580981572
0.4481225898706347
-1.3516285367510288
0.34655580392062646
-0.5844839375572164
3.379829190362889
-1.6593352157756387
0.6768032931754768
-0.10317168440732916
-2.646611531158504
1.2131681319395513
-0.8901732224424377
-1.4005736772701884
0.4749048105296101
0.25458503786114717
2.3029356535565535
0.9340353928816603
0.32319226448693605
1.342807698453346
2.528929751405076
0.5595087657585731
-3.69773569061578
1.2497838070909069
2.37151542169576
1.7493611325622394
-0.2750698927729047
0.40981835833411306
-2.834808633662203
-1.9563822337930463
2.5306901867189304
0.06181184237986814
-1.215232783360583
0.3948622010876157
-1.7914755225673833
3.4753394976251495
-0.6073997360254761
1.2570910993182163
-1.9584199942614622
-0.36561590265292665
-2.953612011484738
-0.42007592270638927
0.3231361135858939
2.9758241226285467
3.788588684109174
-0.1449911654098064
-1.1884986362375223
-2.3789690437212845
1.1878781725660144
0.04511644414863447
-0.8577509383729258
0.22243488548886603
-0.10716722021233505
2.5778849963950345
-1.221609271775555
-2.8806428499173125
-1.3412150066000073
-1.1982254051927366
-2.76467071561532
-1.2060318487951318
-0.8086665579783396
1.5376307626001529
1.8681653557672497
0.2997901299911212
0.22448410176453626
-1.267323965802519
-0.4012429978037346
-0.9889340943217664
2.1543222864011415
-0.34395199596127535
1.2753182390158
1.5571718652250155
0.5563895522689197
-1.3212389515928016
-3.0272408062629257
0.5500718991886626
2.4108135979802907
-1.619695029638108
-1.0506768547200478
0.8668601547330468
0.9022817893659778
-2.123864748341972
-2.3744825652412724
0.36943805018537335
-2.78918341841404
0.1942833129012187
-0.23992890058634542
2.580903300410237
-1.5566334474527572
-2.2472256147391168
-0.6253571617568499
3.159261583329111
-1.888114182592429
0.6293632466830523
0.06425852886605954
2.504043203169274
-0.8976921607852479
0.7887937793386386
-0.14296781466281594
2.5149494530502925
0.48579840471519997
1.2883090472749545
-0.3937104427255824
1.5744426027331309
1.917756856253117
0.10166381530669
1.9349916408783034
-1.7013579581586056
1.3367447865159803
2.0681012009459936
-0.22139563461931866
2.7827685023096307
-2.79033900539079
-2.176937140636072
0.9853338061344328
-0.1259387379002357
2.0149094583628155
-2.5904394080730677
-1.9133999718498123
2.2757922810886977
-2.2053037902281654
1.672021367311705
0.16452596048350543
1.1101635481407577
-0.4893821770832125
-2.0263376563139697
-0.2237223985797656
-1.5996203898604495
0.3801756074569793
2.5893430985428685
-1.504854933166337
0.03455710091717279
-0.5145347870753136
-0.8213393131860163
-1.8618699013129127
-0.478712247319947
-1.6278666766971797
-2.094294046660653
-0.6398919350238272
0.6485881766685644
-1.7206656079018376
0.43356588769219284
-3.0269161403571965
-0.3863644868748155
0.5090274198597364
-1.1690571175812265
-1.1571041269130355
0.48972943663233703
0.9586028819579733
-1.5722530361925906
-0.36762235090851814
-2.199866728161872
-0.24958801438646416
1.5551896185832499
-0.5949444309494978
0.7462632657420674
-1.1851610314924628
-1.8925306770683283
1.7162145391624803
-0.22833162077518843
-1.2220068697355004
1.355547406213582
2.4800198510890326
-0.7941594129773715
-1.430318226803125
-2.704564499033767
-2.110267556231271
-0.09667303849822417
-0.13285349939292512
-2.1461039932783565
1.0406817619142203
0.8779566577566258
-1.821209077446742
-0.94332646363093
0.6563648852079971
-0.3215080423449481
-2.415229646357471
0.18772756542827995
-1.5710547192634938
-0.927711405402476
-1.4869943728601025
2.3499895775788717
-0.6003815092705627
-2.5975350592554967
-1.19190150485223
3.1729693096396923
1.1621667499603086
-0.02262087474631924
-1.9066774063524021
-0.326958301108776
0.6897681512406515
1.2602740913349129
-2.2276648525689815
-2.9493333554188896
1.4946689702011957
-1.1666558850216
1.144905167381033
-2.72767861479067
2.599923325411861
-0.7376423165090342
2.8287923097419716
0.9469046835585386
0.7711731930334071
-0.23923112660809043
-1.6612987375929933
0.5603305783484283
1.443520538217689
1.8789534357854976
1.5417618677079639
1.1184173713530372
-1.154149989662959
-0.32019701759086594
-0.5345451770583285
1.6223783855520413
-0.43907993980224713
-0.8433995597681148
-1.66471400016045
-1.5202129232548658
-1.415769106713983
0.27799209084437226
-0.15609489808587318
2.0386142571689025
1.3309865412834303
-0.22038707287257386
0.6851965368832937
-0.3327781915196577
-2.2210042866786024
0.7093797467676177
-2.233106296164613
-1.4923775743422416
-1.8032115995296278
-1.9808576201867605
1.0561314883562312
-2.98697288059255
-0.7442020951716253
-0.6083882238481135
0.28226394256444465
-0.5418765828027339
-1.9116933000493774
-2.47087404376096
-0.6491919028506468
-1.0913556744881294
-2.711870338160764
-1.5662367119737528
-1.4700244598034802
-0.3375059758456862
-1.4471873676155869
0.5471239759194848
-0.9887003322666654
2.0317602842689726
3.542556587533656
1.8208509904245895
1.6376245233804392
0.7891636778841384
0.8174933240225677
-2.8892991136888746
0.3375170240687577
-2.486499719770507
1.0753283090653434
-0.6894224313058777
-0.8194026545581843
2.1386330769715505
0.28397157455847033
-0.016405299157687736
-3.194141271718526
-3.2986369190072513
1.4447868506576218
-2.386590548885132
0.537224528592946
-2.3673898098599477
2.7972450164155687
-0.9978273819880195
0.7085658942820467
-0.14191615059645502
1.2962716688121212
-2.1511458702779804
0.561870553122382
-0.9299216676372017
-2.8365465928343263
2.1140456026715744
0.22178061271355043
-0.44726566639208265
1.8494768027033217
-2.7296188619943242
1.3811955543432184
-0.8859039193168021
1.7015291957196492
-0.10818662509151666
0.5106309986611435
-3.0547154859610037
-0.9819566381817109
-2.826366612240406
2.9060283475283457
0.26562230458917835
-2.415147829100414
-1.8826557509595339
-1.0856335302526325
0.7905150612594865
0.9735510458032004
1.3853187128109803
-0.31580346856891595
-1.5968590111535796
1.4696897713423351
2.2836364117017225
1.3167759555891112
0.30946483361397226
0.028739183261130563
-1.3588220266986752
-0.5276801786353231
-0.30410639642793136
1.3789582448718747
-0.2103458097811508
-1.6400415380556082
-1.0657587685141086
-0.5244657811307722
0.7619497521706964
0.1482134843525995
-2.714044052395097
0.4095711175735057
2.813567334651956
-2.807751601817737
1.8566584361276766
-0.14245664968000682
2.307935220128724
0.6350353484664133
-1.2470941524456167
1.168915856951589
1.0046929101527162
0.23103386381992053
-1.3811611156064627
-1.7592418474481284
2.023886224106255
-0.8035806144965809
0.8816468816190763
0.06120398587831133
-2.271152062640796
0.039783026978144065
1.3219343724010257
1.705226585405888
1.3647465484574295
-0.7255817433735268
-0.9731962176373661
-0.42996312004476556
0.9326799550881097
0.16038973411430568
-1.5758023439014028
0.45422602034355997
0.37799246053462676
3.690816068053515
3.6027476537849386
-2.7848357417691996
0.9912568251395242
-2.809458923516876
-1.5337599885342357
0.9864187972314689
-1.2526568736914223
-0.600042322080228
-2.4762667167293397
0.03234954888596153
0.8893304783497653
-0.14781393908036877
-0.5242831299694668
-1.128453735658213
-0.8624362220254089
3.628479279362502
-1.7484317579531394
-0.5112213059376995
0.4272757762806556
-1.009662542533008
-0.09944492131619231
-0.5080315173126198
-0.44401200276828545
-1.0637234220369982
-0.6818692713325398
-1.5841802788249177
1.4713962806721508
1.0204073087136196
-0.18119098476903872
-0.7787060628460929
1.4816898639232243
0.5421548856883271
-0.35893532941539075
-0.2487532434271813
1.2866892788839475
0.4964079493454765
0.11413117620512425
0.9366791777460821
-2.4992650089147315
0.3515805845447235
-0.3242298633962779
0.19986365463400269
0.6821527385440884
0.5903032686862373
-1.2297639902475295
-1.4664425053295251
1.8169095205979553
0.692965029061555
-0.2756870896649368
-1.4732972003085392
-1.4436365252960934
-3.4566337362161934
2.141913432480991
1.5873095731185805
-1.6343826422913974
-2.179362402758084
-0.7073856283021875
0.019928201208636587
-0.6030072206934958
-0.3851996250889709
1.1034910233265491
0.4659235572470144
-0.4440463697025785
-0.3477835657653592
-0.7228254271046466
2.660896741232275
-3.0951555649924676
-1.3125810571115601
-0.07126046085572124
-1.8260701300080004
-1.5179755485736393
-1.2895461555999859
-3.51743582568237
-0.8588415376962368
-0.8035832458718604
-1.6284469133807233
1.5775267229864465
-1.0658097059017222
-3.42191098427364
2.823294289181536
-1.5187233740668917
-1.5512039885990614
2.2590278476000574
-2.3244380224348205
-0.5672865682568196
-2.012448967610751
-0.408426079759022
-1.1291725611891636
1.1093969334168432
1.4713016387547988
-1.1719650303536602
0.34081891294000943
0.4695615157815136
0.7413198792758373
-0.7313673695569851
-3.256395171601962
3.5978177492776258
0.29437704593736536
-2.155801989275117
-0.05252351942985323
-0.05003515888921495
0.3805364514284717
-0.2573744445004693
-0.715579296028483
-0.18408004244348364
2.684888114661668
-1.5134146321526285
5.438333074532231E-4
1.0336156761627673
-1.2907127328467043
1.3264806205352144
-2.366601561681381
0.9478187940346587
0.9053622247845072
-0.8709416529916614
-1.2943419229140685
-3.0426064615813746
-2.272982761468497
1.3613197909245192
0.3554160930823054
-1.7094206824324845
-2.1531997785021257
-1.534682495172444
0.40537182148795603
1.5234811663399963
2.966721924682124
0.8676037548594198
-2.0192527427022102
0.9441334425224603
-2.508584030143004
0.7562929733421644
0.13489260288938487
0.05037753712215709
-0.21400080193097715
0.14580465196618064
-0.670315666346311
-0.424805287916584
-1.3571423003866698
0.7445427075295772
-0.5938714936233565
0.5546500440224196
0.26140601113599793
2.280448814919929
-1.3276040719150717
0.9938342216977718
3.098576797437527
-1.5383985352348524
1.6915066396303962
2.610805011634412
3.05170155618933
-0.320183071784653
-1.859318320112127
1.9090395331706982
-0.4179618120795916
-0.2301973934359136
-3.079200511062881
2.4461036050408196
-1.6012382637813714
1.13471509157135
0.6866883769091432
-1.3577539200039994
-0.7025967110838178
-0.22541376875338592
0.8666046637540563
1.1647975932411878
-0.29292938186422424
-1.5691889258339877
-0.02734876974658551
0.5579335608221183
1.7991523573857364
0.2781377989519429
-0.5576199210383592
-2.751451188748976
1.4503444442584557
3.046436603835536
-1.9022156556205432
0.4117563908460813
0.6561859837998836
1.4481888194456456
-0.6285665176318096
1.8278967018354195
0.6981078898051849
0.13725040562683866
0.9617501165506224
-1.1436886965118753
-3.0671155199053435
3.1697390356327855
0.948426375213038
-0.5885418088597887
-0.10753353159581591
-1.0625719083213578
2.81853270988162
1.371689131691995
0.1908072753255028
1.2808732413802897
-1.3988143220353666
2.849782015778359
-2.138268405666094
1.418539054187908
2.204799577453988
0.9227101007133487
1.03592211091176
-1.1129989741410036
-3.7377389219334476
-1.0011569195700787
-0.5423465315682154
2.407762850428393
2.076234189220408
-1.664929027480496
0.028893712803649496
-0.16631887623360875
1.7881383440586882
-2.113196793237432
-1.3163887570696202
0.43220597713426034
-1.178185284269833
-1.8398789507033917
-0.01129502954413164
0.7433564377449713
0.19967366539273224
-0.1754624673340457
-0.9186214624600604
1.9750608956032765
-1.1231067311257044
1.312513497579931
-0.18743423941517134
0.15564871994846552
0.27650644796296797
-0.28265458286071077
0.1848100629958047
-0.48243171286321296
-2.707460018793616
-1.997234393960989
0.7699837291663978
0.11778822260900101
2.573993077752035
0.1766736378006062
0.6153551530881103
1.2643162763339784
-0.3579969132152532
1.3554390732248218
-1.067984577635519
-1.0013731573232154
-0.7612486088719872
-2.1705446168664646
-1.1977456305869625
0.16513228364467913
0.7331594879299517
-2.6267407472987863
1.9473554195624323
-1.2901134203506563
0.9985706209778384
-0.8227728213356933
-1.601708436105517
-2.6745853898632794
-2.8019500763578495
-1.5178231723493858
-0.022506915119901105
-2.178270757603873
-0.420633653133049
-1.1201769813944091
2.8624482457365303
-1.9634965900349313
-0.6963206912385522
-0.6288453968007688
1.1801562260129357
-0.08079303667565307
-1.0162229690045739
1.214657172516262
1.036640814482769
-2.721942925193162
1.918899825098157
1.5175508110640061
-0.3818016846203225
2.677017619197885
-0.6123723185068553
-0.4486614319872042
-1.7454222617148112
-1.9602443769858957
0.23134679030719374
-2.0457972727737133
-1.154592319737061
-1.0674704839847449
-1.5857522778464133
-2.2647395265808274
-0.8917145389117724
0.805198289771468
-0.11736433942503677
1.9157528419532994
-1.8826927297850546
-0.1022864176006113
2.1521553958374695
1.6075180457255418
-1.2260823676175097
1.4466041683837547
-3.1405330019380417
-0.007858610496796814
0.04122028496983887
1.4003314453317688
0.05621839110164206
1.5616273530199827
-1.4143656401299216
-1.9092217731105987
-0.8588152300425658
0.4629849660322627
-1.5958632503751455
-3.0272122245804733
2.4956008623214325
-0.47289767797089644
-1.5866448218348967
0.5773096308210626
-1.2808528386341012
0.682826261110006
0.8299466103590842
0.2851487035831899
-2.38017089886796
0.7131115811697328
0.13286020226250406
-0.6234912829542489
0.9935444621380238
-1.9538358628623644
0.25728071831718813
-1.0683518739135636
1.0636787660542426
2.448935809697357
-0.6299289435100386
-2.6478861056139205
-0.5771443834804098
-0.41475543745282506
0.49709865082529126
-2.431157411848948
-2.0881563932937595
-0.8507389119223112
1.3309577723254953
0.16498875596624574
-0.8609814958562176
-0.3138151886149636
-0.22539764386475625
-1.656913460760673
0.09802765625560239
-0.13336497663198044
0.46319040692894875
0.15012159567332617
1.015370639971394
1.7209580890208755
0.9334776015534878
0.6937805057361794
1.3228800724794665
-1.7757121920268277
-1.8491933606679303
1.1617212941772603
0.36628255955356526
-1.1699495161825477
-0.8393122638476984
-0.3905998853905066
3.207091434192715
0.1854767502553072
0.1288536453774478
-0.8985675158305888
-1.5323114095339792
-0.771424092172623
0.4292153482567711
-2.5633258885304855
-3.2901840661352266
1.4458558813638138
0.09960343886635759
-1.5601647000416423
-2.5383710607357903
2.312443655300489
0.9435821789303875
-3.131129748366163
-0.43773540085590623
0.7659187203995472
-1.3756237446633142
0.6179320801058719
-1.3266748357595315
1.5236168847583818
-0.6108185593657671
-0.40086253263382154
-0.4766116297964613
0.09066212128618778
1.0379237916946926
1.9006842810497786
-0.45923153259189453
-0.9665285969447908
-0.6743502749462209
-0.9128506475618616
1.3745162680461016
-1.2377275264359886
-1.7150504852819952
-0.7796882139347168
2.1505838076668433
2.312618325377724
0.21735552561288474
1.990568518568018
1.540876253554591
-2.480974503895141
1.7928116352059047
1.2203251018454981
2.4589317025808883
1.7281636885729728
-1.8114598949097784
-2.2184943276650713
-0.8724114248576349
1.3949177305370912
3.284814616376381
0.456453965153528
-0.2781929125141489
-0.019042185580887327
-1.797841877833525
-0.3834715741875825
-0.1275852215401918
2.058598054348732
1.7837079019841782
-0.553717885527198
-2.494914196679672
-1.9243975408790157
-1.509862356295304
-1.5760614088900988
2.1489291848752035
0.3085972550561369
-2.663276817556105
-0.11587114939564547
-3.069344033112753
-1.5818758328893252
1.1990359773654795
-0.6799031168531644
-1.2861822743963844
1.2755373366485903
0.5681247902677633
3.319453612906459
1.5349278755499949
-1.4158359575089894
0.43227138538618304
0.7947110497572498
2.7046792282119094
-0.6703809770116425
1.4660227874689928
0.4139608300020421
-0.36822717900041146
1.3181148990348208
0.15358316250442794
1.793071462403181
0.769886621453618
2.020731725204923
2.3764885519746417
0.15180987617716157
1.484075525454871
0.720512829549997
-0.7951823292696827
0.2786100842486299
1.7480117803955575
1.9555266597830703
-0.9022355854086999
-1.8614767002589958
0.44088414868007586
-1.7574355549772704
-3.0016028702276167
0.480432831098601
2.6739936172222247
2.894537499893828
1.7132412182706847
0.5004829033457692
-0.6404766556559305
0.33325377453057436
3.6146720660797924
-2.1270624846133495
-0.5276696024367875
0.45684829915388914
0.06913252513583812
-2.394249716429824
2.819173982450168
-0.2529739466516947
2.008614114911521
-0.7394925784975577
-0.9017799212235293
3.0848914087550985
-2.255656386870556
3.4938334108602676
-0.6643402873475623
0.16276049444134433
-0.36789212917886793
-0.2935798785489223
2.0691640861913023
0.708208997401611
-1.995890998314017
-0.5164958236405459
-0.41387813672625473
1.0664308879120528
-1.5531339358866
-1.9613320689771534
2.139581037175699
2.1814307264588755
0.11550051886411561
0.22268154253720285
1.3633713370791543
-1.8598321758696454
3.251603691536545
-0.7967708113181655
0.5272372065745978
0.835600419582402
-0.11238205178000626
3.646326413754311
1.0332971090057335
0.4280110202048255
0.6053862886069954
0.31424062587266066
2.18590614235869
